{
 "cells": [
  {
   "cell_type": "code",
   "execution_count": 3,
   "id": "85493cfe-34bb-444e-b953-7832deb3cea3",
   "metadata": {
    "tags": []
   },
   "outputs": [],
   "source": [
    "import pandas as pd\n",
    "import numpy as np"
   ]
  },
  {
   "cell_type": "code",
   "execution_count": 22,
   "id": "680f8153-3e29-4507-8521-11d9cd7e7462",
   "metadata": {
    "tags": []
   },
   "outputs": [],
   "source": [
    "#df = pd.read_csv('sample_input.csv', index_col='index')\n",
    "df = pd.read_csv('task_input.csv', index_col='index')"
   ]
  },
  {
   "cell_type": "code",
   "execution_count": 23,
   "id": "ec0b692e-25e5-4392-b9aa-f4f7e5c0db17",
   "metadata": {
    "tags": []
   },
   "outputs": [
    {
     "data": {
      "text/html": [
       "<div>\n",
       "<style scoped>\n",
       "    .dataframe tbody tr th:only-of-type {\n",
       "        vertical-align: middle;\n",
       "    }\n",
       "\n",
       "    .dataframe tbody tr th {\n",
       "        vertical-align: top;\n",
       "    }\n",
       "\n",
       "    .dataframe thead th {\n",
       "        text-align: right;\n",
       "    }\n",
       "</style>\n",
       "<table border=\"1\" class=\"dataframe\">\n",
       "  <thead>\n",
       "    <tr style=\"text-align: right;\">\n",
       "      <th></th>\n",
       "      <th>Х1</th>\n",
       "      <th>Х2</th>\n",
       "      <th>Х3</th>\n",
       "      <th>Х4</th>\n",
       "      <th>Х5</th>\n",
       "    </tr>\n",
       "    <tr>\n",
       "      <th>index</th>\n",
       "      <th></th>\n",
       "      <th></th>\n",
       "      <th></th>\n",
       "      <th></th>\n",
       "      <th></th>\n",
       "    </tr>\n",
       "  </thead>\n",
       "  <tbody>\n",
       "    <tr>\n",
       "      <th>Р1</th>\n",
       "      <td>187</td>\n",
       "      <td>45</td>\n",
       "      <td>8.5</td>\n",
       "      <td>10</td>\n",
       "      <td>63</td>\n",
       "    </tr>\n",
       "    <tr>\n",
       "      <th>Р2</th>\n",
       "      <td>250</td>\n",
       "      <td>35</td>\n",
       "      <td>7.1</td>\n",
       "      <td>11</td>\n",
       "      <td>57</td>\n",
       "    </tr>\n",
       "    <tr>\n",
       "      <th>Р3</th>\n",
       "      <td>224</td>\n",
       "      <td>30</td>\n",
       "      <td>5.4</td>\n",
       "      <td>13</td>\n",
       "      <td>55</td>\n",
       "    </tr>\n",
       "    <tr>\n",
       "      <th>Р4</th>\n",
       "      <td>199</td>\n",
       "      <td>44</td>\n",
       "      <td>6.3</td>\n",
       "      <td>10</td>\n",
       "      <td>58</td>\n",
       "    </tr>\n",
       "    <tr>\n",
       "      <th>Р5</th>\n",
       "      <td>182</td>\n",
       "      <td>32</td>\n",
       "      <td>7.5</td>\n",
       "      <td>11</td>\n",
       "      <td>63</td>\n",
       "    </tr>\n",
       "    <tr>\n",
       "      <th>Р6</th>\n",
       "      <td>169</td>\n",
       "      <td>40</td>\n",
       "      <td>8.1</td>\n",
       "      <td>15</td>\n",
       "      <td>49</td>\n",
       "    </tr>\n",
       "    <tr>\n",
       "      <th>Р7</th>\n",
       "      <td>208</td>\n",
       "      <td>32</td>\n",
       "      <td>8.9</td>\n",
       "      <td>12</td>\n",
       "      <td>65</td>\n",
       "    </tr>\n",
       "  </tbody>\n",
       "</table>\n",
       "</div>"
      ],
      "text/plain": [
       "        Х1  Х2   Х3  Х4  Х5\n",
       "index                      \n",
       "Р1     187  45  8.5  10  63\n",
       "Р2     250  35  7.1  11  57\n",
       "Р3     224  30  5.4  13  55\n",
       "Р4     199  44  6.3  10  58\n",
       "Р5     182  32  7.5  11  63\n",
       "Р6     169  40  8.1  15  49\n",
       "Р7     208  32  8.9  12  65"
      ]
     },
     "execution_count": 23,
     "metadata": {},
     "output_type": "execute_result"
    }
   ],
   "source": [
    "df"
   ]
  },
  {
   "cell_type": "code",
   "execution_count": 24,
   "id": "8bc13bf1-5657-402a-b7d4-39343b32df08",
   "metadata": {
    "tags": []
   },
   "outputs": [
    {
     "data": {
      "text/html": [
       "<div>\n",
       "<style scoped>\n",
       "    .dataframe tbody tr th:only-of-type {\n",
       "        vertical-align: middle;\n",
       "    }\n",
       "\n",
       "    .dataframe tbody tr th {\n",
       "        vertical-align: top;\n",
       "    }\n",
       "\n",
       "    .dataframe thead th {\n",
       "        text-align: right;\n",
       "    }\n",
       "</style>\n",
       "<table border=\"1\" class=\"dataframe\">\n",
       "  <thead>\n",
       "    <tr style=\"text-align: right;\">\n",
       "      <th></th>\n",
       "      <th>Х1</th>\n",
       "      <th>Х2</th>\n",
       "      <th>Х3</th>\n",
       "      <th>Х4</th>\n",
       "      <th>Х5</th>\n",
       "      <th>Wij</th>\n",
       "    </tr>\n",
       "    <tr>\n",
       "      <th>index</th>\n",
       "      <th></th>\n",
       "      <th></th>\n",
       "      <th></th>\n",
       "      <th></th>\n",
       "      <th></th>\n",
       "      <th></th>\n",
       "    </tr>\n",
       "  </thead>\n",
       "  <tbody>\n",
       "    <tr>\n",
       "      <th>Р1</th>\n",
       "      <td>0.131783</td>\n",
       "      <td>0.174419</td>\n",
       "      <td>0.164093</td>\n",
       "      <td>0.121951</td>\n",
       "      <td>0.153659</td>\n",
       "      <td>0.745904</td>\n",
       "    </tr>\n",
       "    <tr>\n",
       "      <th>Р2</th>\n",
       "      <td>0.176180</td>\n",
       "      <td>0.135659</td>\n",
       "      <td>0.137066</td>\n",
       "      <td>0.134146</td>\n",
       "      <td>0.139024</td>\n",
       "      <td>0.722076</td>\n",
       "    </tr>\n",
       "    <tr>\n",
       "      <th>Р3</th>\n",
       "      <td>0.157858</td>\n",
       "      <td>0.116279</td>\n",
       "      <td>0.104247</td>\n",
       "      <td>0.158537</td>\n",
       "      <td>0.134146</td>\n",
       "      <td>0.671067</td>\n",
       "    </tr>\n",
       "    <tr>\n",
       "      <th>Р4</th>\n",
       "      <td>0.140240</td>\n",
       "      <td>0.170543</td>\n",
       "      <td>0.121622</td>\n",
       "      <td>0.121951</td>\n",
       "      <td>0.141463</td>\n",
       "      <td>0.695818</td>\n",
       "    </tr>\n",
       "    <tr>\n",
       "      <th>Р5</th>\n",
       "      <td>0.128259</td>\n",
       "      <td>0.124031</td>\n",
       "      <td>0.144788</td>\n",
       "      <td>0.134146</td>\n",
       "      <td>0.153659</td>\n",
       "      <td>0.684883</td>\n",
       "    </tr>\n",
       "    <tr>\n",
       "      <th>Р6</th>\n",
       "      <td>0.119098</td>\n",
       "      <td>0.155039</td>\n",
       "      <td>0.156371</td>\n",
       "      <td>0.182927</td>\n",
       "      <td>0.119512</td>\n",
       "      <td>0.732946</td>\n",
       "    </tr>\n",
       "    <tr>\n",
       "      <th>Р7</th>\n",
       "      <td>0.146582</td>\n",
       "      <td>0.124031</td>\n",
       "      <td>0.171815</td>\n",
       "      <td>0.146341</td>\n",
       "      <td>0.158537</td>\n",
       "      <td>0.747306</td>\n",
       "    </tr>\n",
       "  </tbody>\n",
       "</table>\n",
       "</div>"
      ],
      "text/plain": [
       "             Х1        Х2        Х3        Х4        Х5       Wij\n",
       "index                                                            \n",
       "Р1     0.131783  0.174419  0.164093  0.121951  0.153659  0.745904\n",
       "Р2     0.176180  0.135659  0.137066  0.134146  0.139024  0.722076\n",
       "Р3     0.157858  0.116279  0.104247  0.158537  0.134146  0.671067\n",
       "Р4     0.140240  0.170543  0.121622  0.121951  0.141463  0.695818\n",
       "Р5     0.128259  0.124031  0.144788  0.134146  0.153659  0.684883\n",
       "Р6     0.119098  0.155039  0.156371  0.182927  0.119512  0.732946\n",
       "Р7     0.146582  0.124031  0.171815  0.146341  0.158537  0.747306"
      ]
     },
     "execution_count": 24,
     "metadata": {},
     "output_type": "execute_result"
    }
   ],
   "source": [
    "df_normalized = df / df.sum()\n",
    "df_normalized['Wij'] = df_normalized.values.sum(axis=1)\n",
    "df_normalized"
   ]
  },
  {
   "cell_type": "code",
   "execution_count": 25,
   "id": "194c73fe-ab89-495d-8bf0-f16664e7af84",
   "metadata": {
    "tags": []
   },
   "outputs": [
    {
     "data": {
      "text/html": [
       "<div>\n",
       "<style scoped>\n",
       "    .dataframe tbody tr th:only-of-type {\n",
       "        vertical-align: middle;\n",
       "    }\n",
       "\n",
       "    .dataframe tbody tr th {\n",
       "        vertical-align: top;\n",
       "    }\n",
       "\n",
       "    .dataframe thead th {\n",
       "        text-align: right;\n",
       "    }\n",
       "</style>\n",
       "<table border=\"1\" class=\"dataframe\">\n",
       "  <thead>\n",
       "    <tr style=\"text-align: right;\">\n",
       "      <th>index</th>\n",
       "      <th>Р1</th>\n",
       "      <th>Р2</th>\n",
       "      <th>Р3</th>\n",
       "      <th>Р4</th>\n",
       "      <th>Р5</th>\n",
       "      <th>Р6</th>\n",
       "      <th>Р7</th>\n",
       "    </tr>\n",
       "    <tr>\n",
       "      <th>index</th>\n",
       "      <th></th>\n",
       "      <th></th>\n",
       "      <th></th>\n",
       "      <th></th>\n",
       "      <th></th>\n",
       "      <th></th>\n",
       "      <th></th>\n",
       "    </tr>\n",
       "  </thead>\n",
       "  <tbody>\n",
       "    <tr>\n",
       "      <th>Р1</th>\n",
       "      <td>0.000000</td>\n",
       "      <td>0.023828</td>\n",
       "      <td>0.074837</td>\n",
       "      <td>0.050085</td>\n",
       "      <td>0.061021</td>\n",
       "      <td>0.012958</td>\n",
       "      <td>0.001402</td>\n",
       "    </tr>\n",
       "    <tr>\n",
       "      <th>Р2</th>\n",
       "      <td>0.023828</td>\n",
       "      <td>0.000000</td>\n",
       "      <td>0.051009</td>\n",
       "      <td>0.026257</td>\n",
       "      <td>0.037193</td>\n",
       "      <td>0.010871</td>\n",
       "      <td>0.025230</td>\n",
       "    </tr>\n",
       "    <tr>\n",
       "      <th>Р3</th>\n",
       "      <td>0.074837</td>\n",
       "      <td>0.051009</td>\n",
       "      <td>0.000000</td>\n",
       "      <td>0.024752</td>\n",
       "      <td>0.013816</td>\n",
       "      <td>0.061880</td>\n",
       "      <td>0.076239</td>\n",
       "    </tr>\n",
       "    <tr>\n",
       "      <th>Р4</th>\n",
       "      <td>0.050085</td>\n",
       "      <td>0.026257</td>\n",
       "      <td>0.024752</td>\n",
       "      <td>0.000000</td>\n",
       "      <td>0.010936</td>\n",
       "      <td>0.037128</td>\n",
       "      <td>0.051487</td>\n",
       "    </tr>\n",
       "    <tr>\n",
       "      <th>Р5</th>\n",
       "      <td>0.061021</td>\n",
       "      <td>0.037193</td>\n",
       "      <td>0.013816</td>\n",
       "      <td>0.010936</td>\n",
       "      <td>0.000000</td>\n",
       "      <td>0.048064</td>\n",
       "      <td>0.062423</td>\n",
       "    </tr>\n",
       "    <tr>\n",
       "      <th>Р6</th>\n",
       "      <td>0.012958</td>\n",
       "      <td>0.010871</td>\n",
       "      <td>0.061880</td>\n",
       "      <td>0.037128</td>\n",
       "      <td>0.048064</td>\n",
       "      <td>0.000000</td>\n",
       "      <td>0.014359</td>\n",
       "    </tr>\n",
       "    <tr>\n",
       "      <th>Р7</th>\n",
       "      <td>0.001402</td>\n",
       "      <td>0.025230</td>\n",
       "      <td>0.076239</td>\n",
       "      <td>0.051487</td>\n",
       "      <td>0.062423</td>\n",
       "      <td>0.014359</td>\n",
       "      <td>0.000000</td>\n",
       "    </tr>\n",
       "  </tbody>\n",
       "</table>\n",
       "</div>"
      ],
      "text/plain": [
       "index        Р1        Р2        Р3        Р4        Р5        Р6        Р7\n",
       "index                                                                      \n",
       "Р1     0.000000  0.023828  0.074837  0.050085  0.061021  0.012958  0.001402\n",
       "Р2     0.023828  0.000000  0.051009  0.026257  0.037193  0.010871  0.025230\n",
       "Р3     0.074837  0.051009  0.000000  0.024752  0.013816  0.061880  0.076239\n",
       "Р4     0.050085  0.026257  0.024752  0.000000  0.010936  0.037128  0.051487\n",
       "Р5     0.061021  0.037193  0.013816  0.010936  0.000000  0.048064  0.062423\n",
       "Р6     0.012958  0.010871  0.061880  0.037128  0.048064  0.000000  0.014359\n",
       "Р7     0.001402  0.025230  0.076239  0.051487  0.062423  0.014359  0.000000"
      ]
     },
     "execution_count": 25,
     "metadata": {},
     "output_type": "execute_result"
    }
   ],
   "source": [
    "Wij = df_normalized['Wij'].values\n",
    "dist = np.abs(Wij[:, None] - Wij[None, :])\n",
    "df_dist = pd.DataFrame(data=dist, index=df_normalized.index, columns=df_normalized.index)\n",
    "df_dist"
   ]
  },
  {
   "cell_type": "code",
   "execution_count": 26,
   "id": "4d4d257e-a382-4747-ad83-6b8ae95766c7",
   "metadata": {
    "tags": []
   },
   "outputs": [
    {
     "data": {
      "text/html": [
       "<div>\n",
       "<style scoped>\n",
       "    .dataframe tbody tr th:only-of-type {\n",
       "        vertical-align: middle;\n",
       "    }\n",
       "\n",
       "    .dataframe tbody tr th {\n",
       "        vertical-align: top;\n",
       "    }\n",
       "\n",
       "    .dataframe thead th {\n",
       "        text-align: right;\n",
       "    }\n",
       "</style>\n",
       "<table border=\"1\" class=\"dataframe\">\n",
       "  <thead>\n",
       "    <tr style=\"text-align: right;\">\n",
       "      <th>index</th>\n",
       "      <th>Р1</th>\n",
       "      <th>Р2</th>\n",
       "      <th>Р3</th>\n",
       "      <th>Р4</th>\n",
       "      <th>Р5</th>\n",
       "      <th>Р6</th>\n",
       "      <th>Р7</th>\n",
       "      <th>Min Pi</th>\n",
       "    </tr>\n",
       "    <tr>\n",
       "      <th>index</th>\n",
       "      <th></th>\n",
       "      <th></th>\n",
       "      <th></th>\n",
       "      <th></th>\n",
       "      <th></th>\n",
       "      <th></th>\n",
       "      <th></th>\n",
       "      <th></th>\n",
       "    </tr>\n",
       "  </thead>\n",
       "  <tbody>\n",
       "    <tr>\n",
       "      <th>Р1</th>\n",
       "      <td>0.000000</td>\n",
       "      <td>0.023828</td>\n",
       "      <td>0.074837</td>\n",
       "      <td>0.050085</td>\n",
       "      <td>0.061021</td>\n",
       "      <td>0.012958</td>\n",
       "      <td>0.001402</td>\n",
       "      <td>0.001402</td>\n",
       "    </tr>\n",
       "    <tr>\n",
       "      <th>Р2</th>\n",
       "      <td>0.023828</td>\n",
       "      <td>0.000000</td>\n",
       "      <td>0.051009</td>\n",
       "      <td>0.026257</td>\n",
       "      <td>0.037193</td>\n",
       "      <td>0.010871</td>\n",
       "      <td>0.025230</td>\n",
       "      <td>0.010871</td>\n",
       "    </tr>\n",
       "    <tr>\n",
       "      <th>Р3</th>\n",
       "      <td>0.074837</td>\n",
       "      <td>0.051009</td>\n",
       "      <td>0.000000</td>\n",
       "      <td>0.024752</td>\n",
       "      <td>0.013816</td>\n",
       "      <td>0.061880</td>\n",
       "      <td>0.076239</td>\n",
       "      <td>0.013816</td>\n",
       "    </tr>\n",
       "    <tr>\n",
       "      <th>Р4</th>\n",
       "      <td>0.050085</td>\n",
       "      <td>0.026257</td>\n",
       "      <td>0.024752</td>\n",
       "      <td>0.000000</td>\n",
       "      <td>0.010936</td>\n",
       "      <td>0.037128</td>\n",
       "      <td>0.051487</td>\n",
       "      <td>0.010936</td>\n",
       "    </tr>\n",
       "    <tr>\n",
       "      <th>Р5</th>\n",
       "      <td>0.061021</td>\n",
       "      <td>0.037193</td>\n",
       "      <td>0.013816</td>\n",
       "      <td>0.010936</td>\n",
       "      <td>0.000000</td>\n",
       "      <td>0.048064</td>\n",
       "      <td>0.062423</td>\n",
       "      <td>0.010936</td>\n",
       "    </tr>\n",
       "    <tr>\n",
       "      <th>Р6</th>\n",
       "      <td>0.012958</td>\n",
       "      <td>0.010871</td>\n",
       "      <td>0.061880</td>\n",
       "      <td>0.037128</td>\n",
       "      <td>0.048064</td>\n",
       "      <td>0.000000</td>\n",
       "      <td>0.014359</td>\n",
       "      <td>0.010871</td>\n",
       "    </tr>\n",
       "    <tr>\n",
       "      <th>Р7</th>\n",
       "      <td>0.001402</td>\n",
       "      <td>0.025230</td>\n",
       "      <td>0.076239</td>\n",
       "      <td>0.051487</td>\n",
       "      <td>0.062423</td>\n",
       "      <td>0.014359</td>\n",
       "      <td>0.000000</td>\n",
       "      <td>0.001402</td>\n",
       "    </tr>\n",
       "  </tbody>\n",
       "</table>\n",
       "</div>"
      ],
      "text/plain": [
       "index        Р1        Р2        Р3        Р4        Р5        Р6        Р7  \\\n",
       "index                                                                         \n",
       "Р1     0.000000  0.023828  0.074837  0.050085  0.061021  0.012958  0.001402   \n",
       "Р2     0.023828  0.000000  0.051009  0.026257  0.037193  0.010871  0.025230   \n",
       "Р3     0.074837  0.051009  0.000000  0.024752  0.013816  0.061880  0.076239   \n",
       "Р4     0.050085  0.026257  0.024752  0.000000  0.010936  0.037128  0.051487   \n",
       "Р5     0.061021  0.037193  0.013816  0.010936  0.000000  0.048064  0.062423   \n",
       "Р6     0.012958  0.010871  0.061880  0.037128  0.048064  0.000000  0.014359   \n",
       "Р7     0.001402  0.025230  0.076239  0.051487  0.062423  0.014359  0.000000   \n",
       "\n",
       "index    Min Pi  \n",
       "index            \n",
       "Р1     0.001402  \n",
       "Р2     0.010871  \n",
       "Р3     0.013816  \n",
       "Р4     0.010936  \n",
       "Р5     0.010936  \n",
       "Р6     0.010871  \n",
       "Р7     0.001402  "
      ]
     },
     "execution_count": 26,
     "metadata": {},
     "output_type": "execute_result"
    }
   ],
   "source": [
    "minPi = np.sort(dist, axis=1)[:, 1]\n",
    "df_dist['Min Pi'] = minPi\n",
    "df_dist"
   ]
  },
  {
   "cell_type": "code",
   "execution_count": 27,
   "id": "b45aeaeb-4fb3-4dc5-b246-4a362137d201",
   "metadata": {
    "jupyter": {
     "source_hidden": true
    },
    "tags": []
   },
   "outputs": [
    {
     "name": "stdout",
     "output_type": "stream",
     "text": [
      "Критична відстань r = 0.013816121076472787\n"
     ]
    }
   ],
   "source": [
    "maxPj = np.max(minPi)\n",
    "print(f'Критична відстань r = {maxPj}')"
   ]
  },
  {
   "cell_type": "code",
   "execution_count": 28,
   "id": "7bf9dccb-adfd-488b-9b1e-003ea4c90f6f",
   "metadata": {
    "tags": []
   },
   "outputs": [
    {
     "data": {
      "text/plain": [
       "array([[ True, False, False, False, False,  True,  True],\n",
       "       [False,  True, False, False, False,  True, False],\n",
       "       [False, False,  True, False, False, False, False],\n",
       "       [False, False, False,  True,  True, False, False],\n",
       "       [False, False, False,  True,  True, False, False],\n",
       "       [ True,  True, False, False, False,  True, False],\n",
       "       [ True, False, False, False, False, False,  True]])"
      ]
     },
     "execution_count": 28,
     "metadata": {},
     "output_type": "execute_result"
    }
   ],
   "source": [
    "dist < maxPj"
   ]
  },
  {
   "cell_type": "code",
   "execution_count": 29,
   "id": "f0e92e23-5274-42ce-8ddd-86be6b2923aa",
   "metadata": {
    "tags": []
   },
   "outputs": [],
   "source": [
    "def get_clusters(G, names):\n",
    "    st = np.zeros(len(G))\n",
    "    \n",
    "    res = []\n",
    "    \n",
    "    for i in range(len(st)):\n",
    "        if st[i]!=0:\n",
    "            continue\n",
    "            \n",
    "        curr_cluster = []\n",
    "        q = [i]\n",
    "        st[i] = 1\n",
    "        while len(q):\n",
    "            u = q.pop(0)\n",
    "            curr_cluster.append(names[u])\n",
    "            \n",
    "            for v in range(len(st)):\n",
    "                if G[u,v] and (st[v]==0):\n",
    "                    st[v] = 1\n",
    "                    q.append(v)\n",
    "        res.append(curr_cluster)\n",
    "        \n",
    "    return res\n",
    "            "
   ]
  },
  {
   "cell_type": "code",
   "execution_count": 30,
   "id": "5ba124b4-c10f-4efe-951b-ddc3a886ba38",
   "metadata": {
    "tags": []
   },
   "outputs": [
    {
     "name": "stdout",
     "output_type": "stream",
     "text": [
      "Cluster #1: Р1, Р6, Р7, Р2\n",
      "Cluster #2: Р3\n",
      "Cluster #3: Р4, Р5\n"
     ]
    }
   ],
   "source": [
    "clusters = get_clusters(dist<maxPj, df.index)\n",
    "for idx, cluster in enumerate(clusters):\n",
    "    print(f'Cluster #{idx+1}: {\", \".join(cluster)}')"
   ]
  },
  {
   "cell_type": "code",
   "execution_count": null,
   "id": "09f99b59-9768-47e1-90f6-c45234c36898",
   "metadata": {},
   "outputs": [],
   "source": []
  },
  {
   "cell_type": "code",
   "execution_count": null,
   "id": "49c102db-4773-4461-8aa8-f4ae78be79ac",
   "metadata": {},
   "outputs": [],
   "source": []
  },
  {
   "cell_type": "code",
   "execution_count": null,
   "id": "14901be5-1df0-41b5-9d98-1229913242ec",
   "metadata": {},
   "outputs": [],
   "source": []
  },
  {
   "cell_type": "code",
   "execution_count": null,
   "id": "fde8bc0a-fdb7-4241-b37d-47284365be86",
   "metadata": {},
   "outputs": [],
   "source": []
  }
 ],
 "metadata": {
  "kernelspec": {
   "display_name": "Python 3 (ipykernel)",
   "language": "python",
   "name": "python3"
  },
  "language_info": {
   "codemirror_mode": {
    "name": "ipython",
    "version": 3
   },
   "file_extension": ".py",
   "mimetype": "text/x-python",
   "name": "python",
   "nbconvert_exporter": "python",
   "pygments_lexer": "ipython3",
   "version": "3.12.1"
  }
 },
 "nbformat": 4,
 "nbformat_minor": 5
}
